1, 125925686, 125929298, 125933203, 125925026, 125928681, 125924815, 125928738, 125924396, 125926163, 125924231, 
2, 80592530, 80606558, 80595641, 80592165, 80595940, 80593680, 80594364, 80599620, 80592040, 80593172, 
3, 85969938, 85938043, 85918757, 85914117, 85907537, 85910766, 85933240, 85929795, 85923522, 85924297, 
4, 73489007, 73477042, 73494718, 73489419, 73489097, 73482886, 73484051, 73477038, 73483549, 73489995, 
5, 70352638, 70363136, 70368508, 70369794, 70367731, 70360675, 70359137, 70363723, 70359712, 70357456, 
6, 65010672, 65012321, 65022934, 65018420, 65017591, 65013425, 65014135, 65013529, 65008611, 65014660, 
7, 62861597, 62858156, 62854736, 62856544, 62857619, 62859460, 62857583, 62852955, 62856461, 62858601, 
8, 63315725, 63314643, 63325343, 63314416, 63325896, 63323157, 63325503, 63313061, 63320947, 63319966, 
9, 67855931, 67868341, 67867530, 67858631, 67859178, 67849629, 67855355, 67860983, 67859773, 67866816, 
10, 61723828, 61714541, 61716332, 61715379, 61716081, 61725758, 61731536, 61736104, 61717038, 61723322, 
11, 63472895, 63475566, 63480200, 63477760, 63475687, 63473063, 63470193, 63474345, 63476538, 63478066, 
12, 57704961, 57714212, 57701941, 57708420, 57701364, 57700076, 57707610, 57708743, 57699200, 57705941, 
13, 59239270, 59242208, 59238400, 59232968, 59234530, 59239810, 59237380, 59237860, 59242280, 59244013, 
14, 56825410, 56819339, 56828329, 56820096, 56826330, 56824868, 56824894, 56831158, 56828019, 56820033, 
15, 56992644, 56985080, 56986410, 56980883, 56982611, 56984376, 56979610, 56985632, 56986062, 56991033, 
16, 51844487, 51843032, 51853408, 51852152, 51849574, 51840891, 51851086, 51846641, 51860811, 51849320, 
17, 52110162, 52112738, 52112131, 52121001, 52108160, 52117339, 52106342, 52116993, 52113931, 52115222, 
18, 51423214, 51424863, 51432328, 51428997, 51480807, 51460683, 51429105, 51433478, 51430430, 51426089, 
19, 51164539, 51146774, 51146344, 51152688, 51146859, 51149710, 51148023, 51151798, 51146203, 51165229, 
20, 49550157, 49511409, 49549575, 49558411, 49521384, 49540566, 49501538, 49576415, 49591504, 49581136, 
21, 50770719, 50765114, 50767931, 50762309, 50767703, 50765840, 50773789, 50769329, 50775106, 50766254, 
22, 49893948, 49897639, 49891788, 49897883, 49897135, 49894326, 49899633, 49912222, 49893697, 49902067, 
23, 50461498, 50468687, 50464046, 50462220, 50465364, 50466614, 50558592, 50467139, 50467839, 50464676, 
24, 49026483, 49025613, 49025751, 49032606, 49034998, 49022004, 49026525, 49024297, 49026904, 49029322, 
25, 50214182, 50219075, 50218898, 50220817, 50222137, 50216841, 50215625, 50213082, 50208873, 50216523, 
26, 49375528, 49382445, 49385938, 49391482, 49376178, 49404367, 49381790, 49382010, 49382317, 49388367, 
27, 49892114, 49892283, 49889371, 49886693, 49892306, 49885719, 49890198, 49891557, 49889263, 49892486, 
28, 48435051, 48419941, 48426495, 48421466, 48426364, 48421021, 48422719, 48429076, 48421561, 48431612, 
29, 49812583, 49827671, 49813467, 49817538, 49813892, 49816077, 49815513, 49814394, 49814040, 49821663, 
30, 49210516, 49200634, 49198383, 49210330, 49202089, 49198176, 49203005, 49198531, 49195402, 49195599, 
31, 49827358, 49851483, 49847172, 49833615, 49837345, 49834790, 49836718, 49836814, 49834384, 49835929, 
32, 48260479, 48263841, 48267191, 48268592, 48267045, 48266626, 48265238, 48266319, 48267138, 48279560, 
33, 49526912, 49532182, 49530988, 49534744, 49528888, 49586226, 49526118, 49528713, 49693080, 49532948, 
34, 48872988, 48874255, 48876213, 48867442, 48872720, 48872571, 48873095, 48886610, 48870791, 48891949, 
35, 49615575, 49608158, 49614751, 49612840, 49799876, 49617835, 49627159, 49614227, 49615122, 49615466, 
36, 48618270, 48616989, 48618218, 48619775, 48627167, 48620746, 48622852, 48616862, 48625701, 48619509, 
37, 50780114, 50841950, 50670407, 50674044, 50690167, 50676271, 50679148, 50680194, 50680566, 50675100, 
38, 50342773, 50339772, 50344398, 50353502, 50341821, 50340225, 50344423, 50340887, 50344953, 50340246, 
39, 51487792, 51486958, 51485124, 51504533, 51490981, 51489648, 51435155, 51491317, 51489574, 51481886, 
40, 48459091, 48450747, 48454410, 48451818, 48450027, 48453089, 48452951, 48452069, 48457952, 48449262, 
41, 50346987, 50346269, 50344482, 50343950, 50344435, 50348373, 50345164, 50345284, 50344701, 50346976, 
42, 49722501, 49728733, 49726097, 49720964, 49721452, 49726729, 49729698, 49726648, 49726430, 49730199, 
43, 51436479, 51437772, 51440809, 51435598, 51440757, 51433518, 51445593, 51441209, 51439288, 51441657, 
44, 51106431, 51099217, 51105212, 51114936, 51099080, 51104608, 51104384, 51106124, 51104196, 51100651, 
45, 52972017, 52969155, 52963139, 52970809, 52971022, 52971944, 52972379, 52975527, 52971097, 52967085, 
46, 52414388, 52410949, 52409325, 52401680, 52400864, 52423260, 52407996, 52409081, 52411221, 52414929, 
47, 53100310, 53095264, 53102124, 53103285, 53097276, 53100464, 53119339, 53105279, 53103557, 53095129, 
48, 50230768, 50232886, 50230641, 50233776, 50232890, 50232397, 50234900, 50235565, 50244821, 50233910, 
49, 51541182, 51548900, 51554836, 51548416, 51545400, 51547461, 51550238, 51548192, 51551859, 51551765, 
50, 50839901, 50843611, 50845127, 50842172, 50838235, 50841001, 50844438, 50842169, 50842234, 50845579, 
51, 51876119, 51872334, 51877550, 51871498, 51874532, 51873477, 51877604, 51874867, 51872767, 51878697, 
52, 51348550, 51342538, 51344218, 51347318, 51342795, 51348001, 51346794, 51345196, 51350021, 51349772, 
53, 52504992, 52500478, 52514734, 52500044, 52507573, 52500044, 52503705, 52509690, 52504659, 52504943, 
54, 51957643, 51962163, 51958026, 51952172, 51958455, 51961356, 51959820, 51957861, 51958799, 51958710, 
55, 52382210, 52372885, 52481946, 52377440, 52369066, 52378519, 52367824, 52381255, 52375317, 52373784, 
56, 49974014, 49980271, 49979672, 49977363, 49970862, 49978863, 49981673, 49978412, 49980735, 49988927, 
57, 50963146, 50957641, 50958263, 50963904, 50954962, 50960620, 50964319, 50964414, 50962841, 50960296, 
58, 50327722, 50326530, 50330529, 50324877, 50330380, 50334739, 50334110, 50330450, 50332254, 50330339, 
59, 51212944, 51220606, 51219458, 51218073, 51216122, 51226628, 51218340, 51215361, 51215943, 51213193, 
60, 50713351, 50706800, 50701800, 50702422, 50710710, 50704391, 50692001, 50703535, 50704510, 50700346, 
61, 51813870, 51815602, 51947978, 51819857, 51800421, 51820064, 51817850, 51819692, 51819846, 51820218, 
62, 51323321, 51337709, 51329241, 51327916, 51328851, 51327010, 51329363, 51327067, 51331538, 51327311, 
63, 51723435, 51720384, 51720562, 51717988, 51715623, 51717082, 51833935, 51717173, 51720173, 51712043, 
64, 49592406, 49597310, 49593433, 49595492, 49590099, 49597562, 49595412, 49592112, 49594693, 49595703, 
65, 50455563, 50456663, 50456250, 50458805, 50457091, 50461150, 50462449, 50461580, 50458622, 50457047, 
66, 49911541, 49910440, 49917265, 49918137, 49914911, 49910691, 49919221, 49914114, 49914064, 49913207, 
67, 50675436, 50687735, 50679154, 50676786, 50680478, 50692557, 50681448, 50676454, 50786635, 50683508, 
68, 50269691, 50251822, 50249867, 50259426, 50254150, 50257380, 50256969, 50261288, 50255898, 50257486, 
69, 51256968, 51249512, 51247128, 51254455, 51248092, 51247519, 51356343, 51250040, 51255332, 51249097, 
70, 50831318, 50828808, 50833832, 50831730, 50836850, 50829472, 50835312, 50835255, 50847934, 50837612, 
71, 51193961, 51199487, 51191781, 51199159, 51192990, 51199152, 51200547, 51209330, 51194975, 51307064, 
72, 49287662, 49285749, 49295171, 49292217, 49293382, 49290348, 49303017, 49290367, 49295677, 49289957, 
73, 50067896, 50071870, 50063653, 50070115, 50073547, 50074201, 50168712, 50068183, 50072141, 50070249, 
74, 49600688, 49598766, 49599596, 49600339, 49602172, 49600434, 49600283, 49600843, 49598132, 49597454, 
75, 50431156, 50440878, 50332271, 50347775, 50333011, 50336920, 50333342, 50335173, 50335530, 50330659, 
76, 49869110, 49866512, 49874848, 49870967, 49873086, 49868270, 49868467, 49874767, 49871901, 49866557, 
77, 50855506, 50863496, 50852988, 50857366, 50857295, 50956503, 50951391, 50853775, 50852342, 50851439, 
78, 50410994, 50409356, 50413152, 50412951, 50421968, 50417185, 50416761, 50415720, 50425769, 50425563, 
79, 50788799, 50788800, 50790521, 50795940, 50795199, 50796420, 50792940, 50791204, 50806021, 50787907, 
80, 49049711, 49055172, 49051765, 49048173, 49055835, 49056183, 49052649, 49056324, 49067737, 49053018, 
81, 49803156, 49801802, 49868000, 49894746, 49803021, 49797885, 49805897, 49817172, 49805091, 49801149, 
82, 49349763, 49348244, 49347804, 49349757, 49355357, 49349849, 49349580, 49352087, 49366190, 49351826, 
83, 50024157, 50026319, 50021954, 50027055, 50024966, 50019683, 50028414, 50026450, 50024669, 50018287, 
84, 49619360, 49612697, 49614840, 49612428, 49616881, 49611891, 49610707, 49615325, 49616433, 49612084, 
85, 50481233, 50482810, 50474794, 50482889, 50483611, 50481753, 50480225, 50485288, 50480194, 50482326, 
86, 50113421, 50112565, 50109622, 50111703, 50111349, 50112872, 50112766, 50109298, 50111104, 50120682, 
87, 50440724, 50530989, 50437986, 50441122, 50443460, 50447064, 50444803, 50443937, 50447619, 50445715, 
88, 48855423, 48860533, 48859537, 48858157, 48858645, 48860204, 48861821, 48871434, 48865821, 48860975, 
89, 49542949, 49538342, 49543940, 49542443, 49539392, 49543719, 49556972, 49549316, 49559873, 49549278, 
90, 49133176, 49141328, 49136332, 49142233, 49137262, 49136048, 49151323, 49142027, 49145850, 49139711, 
91, 49828060, 49745496, 49741111, 49747658, 49743361, 49758260, 49746962, 49741518, 49746482, 49746023, 
92, 49379035, 49379053, 49374901, 49374380, 49389399, 49382970, 49371825, 49378890, 49379185, 49380213, 
93, 50185229, 50182793, 50199580, 50255827, 50185537, 50188437, 50181604, 50184540, 50189693, 50187936, 
94, 49861236, 49861687, 49858618, 49854867, 49857570, 49854545, 49858466, 49857685, 49854872, 49857638, 
95, 50131028, 50133510, 50130813, 50129566, 50135458, 50132921, 50132266, 50133535, 50203851, 50129810, 
96, 48704115, 48705137, 48704295, 48703538, 48704810, 48702909, 48704236, 48707011, 48712231, 48706239, 
97, 49324631, 49426853, 49328461, 49327256, 49329578, 49331036, 49327915, 49330313, 49326439, 49327952, 
98, 48951749, 48954995, 48953335, 48962284, 48952634, 48955059, 48954825, 48955922, 48957059, 48956105, 
99, 49508095, 49582225, 49513222, 49510437, 49512767, 49515408, 49514919, 49515474, 49509695, 49524489, 
100, 49171142, 49172788, 49172779, 49167375, 49173312, 49174785, 49176257, 49177270, 49168811, 49181673, 
101, 49925885, 49930427, 49920981, 49929487, 49935647, 49930674, 50002695, 49937794, 49927880, 49931247, 
102, 49605276, 49603325, 49605540, 49603753, 49611401, 49605105, 49608832, 49620697, 49605688, 49604456, 
103, 49890632, 49888743, 49887366, 49890901, 49890668, 49889357, 49900860, 49890193, 49891503, 49892763, 
104, 48569131, 48573819, 48567267, 48567530, 48580719, 48565818, 48573382, 48570743, 48567405, 48569933, 
105, 49157947, 49160621, 49162500, 49162430, 49170261, 49225237, 49164629, 49166329, 49163758, 49165024, 
106, 48796823, 48797677, 48810025, 48796004, 48794009, 48796368, 48799175, 48801186, 48799508, 48796318, 
107, 49319775, 49332092, 49320647, 49322007, 49319615, 49324046, 49322766, 49326830, 49323870, 49325884, 
108, 49009612, 48991835, 48990642, 48995767, 48993140, 48993481, 48990936, 48995129, 48995166, 48994732, 
109, 49693481, 49694690, 49736418, 49694404, 49694203, 49738874, 49691813, 49700388, 49694816, 49704749, 
110, 49381458, 49383396, 49387774, 49390211, 49382576, 49388248, 49380170, 49391337, 49393476, 49386127, 
111, 49669617, 49671567, 49671180, 49679836, 49672445, 49673369, 49675328, 49683758, 49673703, 49670798, 
112, 48446297, 48445645, 48446054, 48443770, 48436464, 48444507, 48455628, 48443532, 48441426, 48443547, 
113, 49012337, 49018455, 49060914, 49026164, 49013602, 49016638, 49016143, 49020638, 49019599, 49025132, 
114, 48664519, 48667439, 48665129, 48670183, 48668200, 48668329, 48669964, 48666769, 48670949, 48663603, 
115, 49152989, 49161693, 49155170, 49155179, 49154432, 49156096, 49151262, 49155601, 49160718, 49154036, 
116, 48822914, 48819557, 48822482, 48819489, 48826076, 48821985, 48821856, 48836257, 48824823, 48823887, 
117, 49487857, 49491051, 49492440, 49496781, 49490264, 49496829, 49536769, 49492772, 49493478, 49494648, 
118, 49185026, 49189658, 49184560, 49186323, 49188015, 49184863, 49189781, 49185756, 49185985, 49189451, 
119, 49506201, 49463042, 49461568, 49462030, 49459217, 49473199, 49509768, 49459637, 49463300, 49462606, 
120, 48341943, 48340311, 48338243, 48341816, 48341688, 48339616, 48341652, 48338712, 48344135, 48342376, 
121, 48887604, 48881821, 48886394, 48915176, 48885421, 48884133, 48881099, 48887606, 48921872, 48886057, 
122, 48523208, 48524892, 48530466, 48524513, 48521281, 48523979, 48525421, 48523958, 48526991, 48525156, 
123, 48997505, 49001384, 49010357, 49003937, 48993308, 49000170, 48995443, 49026726, 48999177, 49000059, 
124, 48674230, 48686742, 48680937, 48679808, 48683188, 48685002, 48684478, 48681508, 48681210, 48680305, 
125, 49308031, 49296882, 49302297, 49300933, 49298269, 49300183, 49304808, 49300105, 49297245, 49298652, 
126, 49023320, 49033347, 49025173, 49031263, 49024961, 49025762, 49026487, 49032294, 49024876, 49037197, 
127, 49263840, 49264645, 49268934, 49262506, 49262945, 49267854, 49267326, 49261378, 49275348, 49274879, 
128, 48242744, 48244816, 48241571, 48247457, 48243165, 48242813, 48245299, 48242037, 48244911, 48256424, 
129, 48708123, 48716451, 48712287, 48729407, 48715543, 48712628, 48715562, 48712070, 48725851, 48714911, 
130, 48432236, 48433584, 48432511, 48437411, 48440525, 48436271, 48433986, 48451555, 48442266, 48434444, 
131, 48805727, 48808707, 48808229, 48813214, 48805714, 48811463, 48823774, 48807529, 48816092, 48814652, 
132, 48545234, 48547783, 48549481, 48555297, 48552572, 48552420, 48546920, 48549245, 48552500, 48552372, 
133, 49110024, 49142795, 49121523, 49121171, 49162638, 49113294, 49111562, 49116640, 49114706, 49110602, 
134, 48885498, 48905492, 48911634, 48895401, 48889474, 48881864, 48883454, 48886956, 48880791, 48887619, 
135, 49130365, 49132275, 49144990, 49127058, 49132950, 49134119, 49131779, 49135511, 49132066, 49130404, 
136, 48167443, 48177810, 48166066, 48164767, 48165836, 48163385, 48162864, 48165740, 48163552, 48175840, 
137, 48626371, 48623170, 48626365, 48626015, 48623135, 48626161, 48626826, 48630731, 48626238, 48625547, 
138, 48342896, 48343791, 48345939, 48349055, 48345690, 48339489, 48344320, 48343593, 48350495, 48353398, 
139, 48722300, 48721707, 48720389, 48725324, 48723833, 48731215, 48724827, 48720026, 48720517, 48723544, 
140, 48476446, 48476993, 48480933, 48479242, 48493127, 48478010, 48477217, 48481725, 48479813, 48481081, 
141, 49029116, 49027796, 49030864, 49034953, 49030635, 49027021, 49026191, 49035748, 49030666, 49031599, 
142, 48797675, 48793822, 48800395, 48815091, 48799408, 48798383, 48801422, 48802395, 48797836, 48800100, 
143, 49064606, 49066906, 49079257, 49069361, 49070538, 49068590, 49067233, 49065951, 49063760, 49070470, 
144, 48112561, 48128404, 48121348, 48117588, 48117500, 48115898, 48117909, 48117062, 48115017, 48120040, 
145, 48584356, 48569615, 48577337, 48575270, 48613801, 48574162, 48573992, 48576189, 48576627, 48596739, 
146, 48322817, 48320233, 48321570, 48325775, 48328865, 48325853, 48326492, 48322048, 48324961, 48335028, 
147, 48678144, 48688695, 48688940, 48687759, 48713919, 48692320, 48682978, 48690113, 48696499, 48685208, 
148, 48454693, 48457935, 48452217, 48458244, 48456859, 48460478, 48458948, 48466037, 48451789, 48455652, 
149, 48958758, 48965741, 48965334, 48993804, 48965488, 48986596, 48969843, 48994171, 48965459, 48966107, 
150, 48769739, 48768994, 48771146, 48766795, 48772504, 48774072, 48771785, 48768882, 48769090, 48770019, 
151, 48971039, 49050624, 48983882, 48981574, 48981281, 49037786, 48974291, 48980399, 48976723, 48976743, 
152, 48126473, 48117966, 48120377, 48118278, 48116278, 48115325, 48118425, 48118899, 48118818, 48120685, 
153, 48556463, 48555478, 48559209, 48554642, 48555309, 48576862, 48561867, 48561537, 48556174, 48557218, 
154, 48294365, 48290829, 48297541, 48296517, 48293407, 48288559, 48295163, 48294971, 48296041, 48294507, 
155, 48652933, 48651793, 48648276, 48648463, 48677815, 48656313, 48652819, 48653253, 48651401, 48655757, 
156, 48430996, 48428380, 48433763, 48425211, 48423768, 48423442, 48419737, 48425431, 48432591, 48430434, 
157, 48901700, 48900651, 48896728, 48901575, 48905998, 48902263, 48905650, 48906213, 48907243, 48905360, 
158, 48720174, 48723815, 48730418, 48723506, 48723581, 48724282, 48725228, 48720136, 48724679, 48724655, 
159, 48929816, 48918383, 48918931, 48922917, 48919524, 48915075, 48919254, 48919942, 48920977, 48921537, 
160, 48101276, 48105357, 48106425, 48100625, 48110201, 48107070, 48113141, 48106853, 48101772, 48106043, 
161, 48521724, 48518754, 48517690, 48524842, 48519184, 48517653, 48517957, 48521390, 48518695, 48514721, 
162, 48264048, 48264096, 48263054, 48267840, 48271511, 48264030, 48267419, 48264030, 48259634, 48270978, 
163, 48582238, 48597207, 48578494, 48579964, 48584889, 48582267, 48588171, 48589575, 48694617, 48582477, 
164, 48385830, 48386539, 48389035, 48387301, 48385858, 48392307, 48387564, 48378931, 48383210, 48386493, 
165, 48822028, 48826112, 48824536, 48830737, 48829442, 48832438, 48824306, 48822887, 48820517, 48832899, 
166, 48680594, 48677229, 48675500, 48675958, 48679934, 48683308, 48674045, 48681232, 48686732, 48675943, 
167, 48789076, 48798763, 48795562, 48795394, 48797104, 48793853, 48874486, 48795219, 48793847, 48800488, 
168, 48093773, 48096022, 48100053, 48099497, 48102492, 48100808, 48103300, 48101889, 48101587, 48140523, 
169, 48437436, 48441200, 48440418, 48437532, 48432636, 48440384, 48440279, 48446058, 48439025, 48437983, 
170, 48233491, 48232525, 48274862, 48237081, 48290947, 48233017, 48228450, 48229990, 48239082, 48284317, 
171, 48467230, 48468493, 48474558, 48473271, 48468634, 48472060, 48476535, 48473214, 48471322, 48475779, 
172, 48328063, 48331569, 48332855, 48343860, 48335319, 48336860, 48336315, 48331548, 48333856, 48333919, 
173, 48688618, 48692128, 48684193, 48683383, 48680700, 48688935, 48685288, 48678487, 48688971, 48686589, 
174, 48539344, 48543928, 48549890, 48546595, 48549198, 48544594, 48542778, 48546021, 48543377, 48547510, 
175, 48816128, 48707636, 48709346, 48711516, 48706808, 48703992, 48706335, 48707198, 48705959, 48710487, 
176, 48008018, 48007572, 48003744, 48007272, 48008515, 48015679, 48006561, 48004570, 48009554, 48010884, 
177, 48305624, 48310143, 48409070, 48314671, 48314507, 48308687, 48365179, 48308834, 48310330, 48310544, 
178, 48120766, 48122340, 48118840, 48118978, 48122586, 48127310, 48120473, 48122096, 48123155, 48122517, 
179, 48391589, 48394001, 48400938, 48390116, 48394285, 48398691, 48454966, 48394640, 48386006, 48396300, 
180, 48196619, 48204538, 48205027, 48201589, 48204791, 48198486, 48203616, 48201912, 48200779, 48205680, 
181, 48619905, 48618144, 48614534, 48614555, 48612852, 48621701, 48617580, 48614083, 48618875, 48613227, 
182, 48455296, 48453743, 48451774, 48460775, 48455094, 48464645, 48464956, 48461157, 48460811, 48458614, 
183, 48630765, 48634937, 48638483, 48651944, 48632303, 48640165, 48639584, 48647297, 48633515, 48637235, 
184, 47911225, 47910455, 47908962, 47912153, 47908454, 47910316, 47907120, 47910814, 47910173, 47915380, 
185, 48266204, 48261610, 48267070, 48267916, 48265248, 48272728, 48263506, 48266585, 48266724, 48264801, 
186, 48049575, 48056807, 48050647, 48053167, 48054568, 48055953, 48049680, 48054563, 48055380, 48052923, 
187, 48335258, 48335487, 48431682, 48334069, 48356307, 48344004, 48334214, 48335581, 48337637, 48337491, 
188, 48154823, 48157533, 48152348, 48160121, 48152660, 48154382, 48156311, 48154980, 48151306, 48153207, 
189, 48571246, 48568695, 48569142, 48572421, 48573752, 48572786, 48573430, 48572538, 48576168, 48580526, 
190, 48387116, 48391396, 48390724, 48390083, 48402291, 48388994, 48389359, 48389393, 48386274, 48394737, 
191, 48585028, 48581152, 48583809, 48589278, 48583368, 48579984, 48585288, 48582659, 48592619, 48584396, 
192, 47876932, 47880301, 47883556, 47884209, 47882479, 47876535, 47879671, 47885412, 47875266, 47883870, 
193, 48221655, 48221130, 48218103, 48219050, 48221249, 48222723, 48223721, 48222152, 48235750, 48227360, 
194, 48008808, 48011782, 48010427, 48005314, 48018359, 48006912, 48013681, 48011393, 48010667, 48014597, 
195, 48290027, 48289849, 48298217, 48305936, 48284364, 48290776, 48295103, 48297885, 48291997, 48292742, 
196, 48119011, 48118789, 48117054, 48117948, 48114310, 48110357, 48117141, 48117174, 48118879, 48118612, 
197, 48519980, 48540519, 48522013, 48624258, 48530946, 48532698, 48528684, 48536481, 48529790, 48527583, 
198, 48333694, 48335262, 48336340, 48331392, 48334280, 48334626, 48341722, 48329586, 48333160, 48342259, 
199, 48528726, 48555018, 48526794, 48611541, 48528425, 48539971, 48528087, 48527626, 48532367, 48532200, 
200, 47850794, 47856945, 47860073, 47855390, 47856990, 47847745, 47857348, 47859086, 47855286, 47859800, 
201, 48198216, 48199050, 48208553, 48202270, 48203481, 48203626, 48207147, 48231875, 48204514, 48206179, 
202, 47997319, 48008276, 48001479, 48002412, 48000619, 48004964, 47998648, 48010837, 48001615, 48000805, 
203, 48261885, 48250990, 48256826, 48254417, 48245517, 48255940, 48254198, 48262779, 48248858, 48252773, 
204, 48083381, 48075842, 48078692, 48081889, 48092111, 48078740, 48080488, 48089617, 48088585, 48081970, 
205, 48484111, 48488556, 48493807, 48484893, 48491005, 48491343, 48485161, 48486248, 48489831, 48485047, 
206, 48295491, 48302748, 48297789, 48298701, 48297911, 48296817, 48296768, 48303209, 48297880, 48305075, 
207, 48480302, 48476265, 48480775, 48480656, 48476898, 48477999, 48488075, 48480274, 48477895, 48475980, 
208, 47831128, 47824688, 47833692, 47829964, 47826406, 47831650, 47831464, 47828860, 47830723, 47829145, 
209, 48162667, 48159823, 48161278, 48161086, 48163582, 48165593, 48164591, 48161864, 48167605, 48166071, 
210, 47961292, 47960640, 47963341, 47968885, 47958704, 47968366, 47952301, 47964564, 47960968, 47967331, 
211, 48251270, 48250388, 48250212, 48250298, 48255321, 48258951, 48394936, 48257463, 48261385, 48256705, 
212, 48045786, 48042990, 48047728, 48051632, 48050117, 48051071, 48044872, 48060675, 48042108, 48051428, 
213, 48464947, 48426916, 48430740, 48427473, 48527805, 48434448, 48441670, 48425477, 48427683, 48424071, 
214, 48269181, 48273568, 48270400, 48276991, 48273677, 48282211, 48271470, 48276967, 48274737, 48274616, 
215, 48451630, 48447580, 48460517, 48459255, 48456185, 48453864, 48450498, 48454048, 48571698, 48455738, 
216, 47803117, 47822421, 47807574, 47809422, 47807096, 47806298, 47807995, 47810790, 47807515, 47807437, 
217, 48207190, 48128892, 48125382, 48134708, 48129360, 48132919, 48132160, 48137827, 48130278, 48132769, 
218, 47941797, 47934046, 47939600, 47936448, 47942495, 47941807, 47941265, 47942333, 47934152, 47935479, 
219, 48202352, 48200615, 48202250, 48223664, 48204949, 48205974, 48205435, 48206036, 48208918, 48204712, 
220, 48018971, 48031535, 48020064, 48020253, 48017873, 48019205, 48021151, 48020206, 48018625, 48021352, 
221, 48394172, 48385518, 48522935, 48389626, 48388183, 48387235, 48390076, 48389158, 48383168, 48380869, 
222, 48221222, 48233667, 48213937, 48223942, 48223149, 48217632, 48222027, 48224899, 48224174, 48219385, 
223, 48428215, 48421112, 48420065, 48545435, 48415504, 48412022, 48418958, 48421220, 48424708, 48432255, 
224, 47798062, 47798220, 47807165, 47801810, 47802573, 47800185, 47798745, 47801344, 47811938, 47799999, 
225, 48109438, 48117985, 48108408, 48107918, 48107690, 48116998, 48111231, 48116950, 48117025, 48108501, 
226, 47914622, 47913161, 47918319, 47935495, 47919877, 47932847, 47919358, 47919684, 47915392, 47916171, 
227, 48167269, 48174112, 48173472, 48165412, 48171067, 48170589, 48190061, 48170354, 48162439, 48167420, 
228, 47993074, 47996886, 48005676, 47990607, 47997425, 47997140, 47993950, 47997884, 47996855, 47997406, 
229, 48372366, 48391342, 48371343, 48372323, 48379603, 48374598, 48378564, 48380688, 48373774, 48379910, 
230, 48223902, 48222338, 48219383, 48224586, 48218289, 48213674, 48214551, 48218307, 48229321, 48219278, 
231, 48394788, 48393079, 48390552, 48393159, 48393120, 48396722, 48398312, 48408555, 48393373, 48392851, 
232, 47776516, 47777336, 47776338, 47783554, 47790182, 47782257, 47780780, 47774663, 47782548, 47776684, 
233, 48081154, 48207028, 48094208, 48087847, 48080441, 48087169, 48083105, 48086674, 48088166, 48093034, 
234, 47894917, 47906140, 47898050, 47895847, 47895826, 47892850, 47895568, 47898347, 47897706, 47897225, 
235, 48165229, 48152289, 48149604, 48153342, 48165224, 48149306, 48152418, 48154781, 48155318, 48167807, 
236, 47986931, 47984647, 47985781, 47987670, 47988831, 47981789, 47979243, 47992903, 47987015, 47995926, 
237, 48339732, 48343782, 48335150, 48338766, 48341744, 48340039, 48539524, 48345575, 48340006, 48345321, 
238, 48160344, 48165387, 48168030, 48163252, 48178988, 48168342, 48170276, 48165024, 48166751, 48171512, 
239, 48351011, 48354339, 48353823, 48365950, 48348863, 48361255, 48360127, 48353035, 48352111, 48358221, 
240, 47763400, 47763039, 47766474, 47771041, 47765808, 47776286, 47767832, 47766190, 47769277, 47768753, 
241, 48077424, 48073202, 48071624, 48089360, 48073803, 48080621, 48081045, 48077699, 48077624, 48079546, 
242, 47885657, 47888092, 47905359, 47884020, 47892026, 47890047, 47892194, 47888888, 47886265, 47887143, 
243, 48143480, 48152249, 48141292, 48144108, 48143469, 48332469, 48149579, 48136894, 48146476, 48144006, 
244, 47947964, 47948188, 47953163, 47954982, 47951210, 47953967, 47949453, 47956611, 47956416, 47943806, 
245, 48312588, 48316449, 48320345, 48315207, 48329688, 48314363, 48309232, 48460777, 48318982, 48311668, 
246, 48149795, 48143803, 48140682, 48141833, 48140909, 48142911, 48141846, 48143587, 48147714, 48143711, 
247, 48326959, 48340945, 48327664, 48330723, 48332886, 48333215, 48344496, 48332945, 48333430, 48335230, 
248, 47920605, 47924280, 47762064, 47917819, 47926437, 47929002, 47762501, 47921585, 47926383, 47769614, 
249, 48063584, 48069678, 48157220, 48088147, 48079156, 48076704, 48081612, 48068814, 48079432, 48075401, 
250, 47871803, 47875144, 47863499, 47863251, 47864179, 47889224, 47866158, 47862471, 47856307, 47868066, 
251, 48139390, 48134426, 48129380, 48136703, 48138690, 48130951, 48123123, 48134443, 48123407, 48128991, 
252, 47946533, 47950085, 47946790, 47952285, 47948792, 47953709, 47952150, 47944245, 47943862, 47948417, 
253, 48297779, 48295354, 48300842, 48304059, 48306239, 48314482, 48304767, 48301987, 48303821, 48295221, 
254, 48150700, 48146078, 48147865, 48146479, 48159003, 48150010, 48145511, 48143874, 48151712, 48151377, 
255, 48335432, 48334380, 48344524, 48341629, 48331768, 48329994, 48325133, 48326848, 48335157, 48334726, 
256, 47917293, 47901642, 47909782, 47906605, 47920633, 47782877, 47918974, 47916722, 47778010, 47918851, 
257, 48094428, 48113625, 48096825, 48105482, 48123318, 48115371, 48258927, 48099440, 48101767, 48097242, 
258, 47909741, 47910446, 48012511, 47920852, 48010613, 47926929, 47908598, 47920780, 47908425, 47913891, 
259, 48204979, 48212204, 48208482, 48200201, 48202513, 48210788, 48214478, 48215935, 48215177, 48215227, 
260, 48136108, 48138186, 48141732, 48130631, 48141477, 48135405, 48135196, 48152123, 48137322, 48134648, 
261, 48385461, 48388303, 48388890, 48397425, 48396585, 48399520, 48401586, 48388619, 48393755, 48582132, 
262, 48227762, 48238751, 48237741, 48230043, 48240409, 48235281, 48243236, 48233889, 48229790, 48234579, 
263, 48438615, 48440533, 48447915, 48444266, 48434259, 48437529, 48435728, 48441311, 48440347, 48443276, 
264, 48069210, 48070457, 48088985, 48071485, 48077703, 48075376, 48074718, 48080136, 48082667, 48064486, 
265, 48318006, 48319523, 48316749, 48384359, 48298715, 48299678, 48298874, 48320011, 48324852, 48351538, 
266, 48225330, 48222462, 48221378, 48226207, 48225200, 48232429, 48224187, 48228629, 48228114, 48224542, 
267, 48389468, 48391779, 48391210, 48383584, 48395974, 48389467, 48698784, 48374159, 48380827, 48382325, 
268, 48364036, 48365393, 48364181, 48357609, 48365527, 48359606, 48363889, 48375006, 48362349, 48363159, 
269, 48654108, 48652193, 48666693, 48647666, 48649081, 48651123, 48667155, 48668244, 48658121, 48662589, 
270, 48583373, 48590106, 48593239, 48600860, 48583742, 48590383, 48590379, 48596560, 48585362, 48592092, 
271, 48779135, 48772383, 48777116, 48767810, 48774909, 48780427, 48775082, 48763168, 48768017, 48782079, 
272, 48354868, 48350406, 48366585, 48363747, 48354961, 48358808, 48361386, 48356736, 48356006, 48363487, 
273, 48695112, 48701994, 48696650, 48707880, 48702400, 48703199, 48978896, 48973856, 48701393, 48696893, 
274, 48540933, 48546201, 48538419, 48539969, 48546685, 48550765, 48540465, 48541440, 48535687, 48540709, 
275, 48824806, 48870445, 49112210, 48876667, 48877581, 48849387, 48873758, 48875908, 48877004, 48873479, 
276, 48694224, 48691115, 48685832, 48692040, 48686884, 48682785, 48679285, 48690500, 48694990, 48700158, 
277, 49092568, 49100824, 49091134, 49085524, 49098917, 49104037, 49089770, 49099899, 49101148, 49096787, 
278, 48907210, 48916117, 48913990, 48915586, 48912829, 48925119, 48909032, 48917362, 48912986, 48915800, 
279, 49141798, 49142905, 49146648, 49150829, 49150104, 49151334, 49152460, 49420582, 49133676, 49150939, 
280, 48676836, 48681525, 48686661, 48685212, 48689219, 48682663, 48698819, 48686841, 48683084, 48686227, 
281, 49021488, 49013385, 49029404, 49033475, 49023010, 49023078, 49023637, 49022641, 49019787, 49027182, 
282, 48860950, 48859505, 48874004, 48856143, 48869209, 48866405, 48863658, 48866470, 48862302, 48852543, 
283, 49191481, 49192419, 49187594, 49184182, 49186553, 49190484, 49186667, 49194307, 49187199, 49186685, 
284, 48991696, 49001095, 48998605, 48998558, 48995277, 49008490, 49001695, 49002314, 48999568, 49004657, 
285, 49435362, 49437103, 49670629, 49422536, 49445294, 49427113, 49423595, 49429865, 49435444, 49432851, 
286, 49245623, 49245696, 49243712, 49253671, 49250200, 49248207, 49245063, 49251989, 49245562, 49250433, 
287, 49499194, 49490946, 49494486, 49494291, 49499801, 49492109, 49512756, 49501211, 49501033, 49496784, 
288, 49013141, 49009861, 49006118, 49012272, 49025970, 49013470, 49013805, 49008948, 49013739, 49014728, 
289, 49346082, 49351012, 49371945, 49350822, 49340163, 49352422, 49337523, 49341171, 49349805, 49349968, 
290, 49169386, 49161889, 49157808, 49161060, 49163112, 49159124, 49157138, 49162332, 49161636, 49154092, 
291, 49526754, 49515477, 49537497, 49527819, 49525746, 49819027, 49523913, 49522591, 49529228, 49518014, 
292, 49324390, 49317183, 49313233, 49312503, 49314731, 49326805, 49308787, 49309588, 49315440, 49317978, 
293, 50159467, 49770041, 49771834, 49775920, 49771055, 49772760, 49777184, 49771987, 49789905, 49774977, 
294, 49562546, 49566249, 49564582, 49562942, 49559999, 49563052, 49556208, 49569169, 49563336, 49560538, 
295, 49837662, 49837504, 49835208, 49839269, 49838074, 49846143, 49846069, 49835009, 49837564, 49841509, 
296, 49327842, 49336931, 49336413, 49333374, 49340688, 49333294, 49334908, 49335796, 49333220, 49325927, 
297, 49729353, 49732428, 49741890, 49735188, 49729703, 49739474, 49737323, 49736884, 49736935, 49730139, 
298, 49492913, 49495391, 49504131, 49491920, 49508913, 49497977, 49490945, 49499394, 49495684, 49502372, 
299, 49844234, 49850284, 49844994, 49847451, 49840800, 49841347, 49849194, 49843508, 49848100, 49845974, 
300, 49649254, 49636798, 49640822, 49632129, 49642638, 49637112, 49638427, 49638858, 49633580, 49638209, 
