1, 0.715375858, 0.713996238, 0.715791706, 0.709537507, 0.717146397, 0.715020912, 0.716227833, 0.716377048, 0.714866297, 0.715578387, 
2, 0.730871221, 0.732838648, 0.732304188, 0.731966726, 0.732417283, 0.732260513, 0.732171153, 0.730915349, 0.732595081, 0.730593631, 
3, 0.568050458, 0.566944589, 0.567894337, 0.567215050, 0.566796199, 0.568752980, 0.567431610, 0.568356173, 0.568030298, 0.568116454, 
4, 0.538131337, 0.532859540, 0.536230577, 0.536176640, 0.536620931, 0.535913318, 0.536274595, 0.537478825, 0.534768075, 0.535770100, 
5, 0.587184956, 0.588555545, 0.586828551, 0.587953085, 0.584561512, 0.587252531, 0.587610233, 0.587602719, 0.588850365, 0.587523283, 
6, 0.547973711, 0.545408700, 0.547256215, 0.546534072, 0.546754006, 0.545697461, 0.546950878, 0.546464265, 0.546497564, 0.547287370, 
7, 0.589201513, 0.589018474, 0.588909676, 0.589102837, 0.589774032, 0.588897649, 0.589425168, 0.589947863, 0.612255587, 0.591712677, 
8, 0.493952381, 0.492645488, 0.494077133, 0.487700086, 0.494235196, 0.487991049, 0.495906655, 0.492688989, 0.494573057, 0.493364474, 
9, 0.477899609, 0.486564735, 0.487069099, 0.487706049, 0.488601836, 0.486240733, 0.487716109, 0.483578576, 0.487962805, 0.486432585, 
10, 0.482853513, 0.479807524, 0.482934051, 0.481625612, 0.483389210, 0.469476230, 0.483101815, 0.480570850, 0.482610899, 0.482022008, 
11, 0.505533711, 0.506557194, 0.505335354, 0.504345317, 0.505992286, 0.507805399, 0.506119022, 0.493476021, 0.505149357, 0.505175406, 
12, 0.489941205, 0.491571362, 0.491152431, 0.491629124, 0.487414365, 0.490822504, 0.490714574, 0.491551322, 0.489752039, 0.491627209, 
13, 0.518459803, 0.514089477, 0.518022665, 0.518271464, 0.518262807, 0.517424462, 0.518196419, 0.516953872, 0.519227254, 0.517690485, 
14, 0.486592199, 0.491318085, 0.491096928, 0.491707116, 0.490107871, 0.491344782, 0.490863255, 0.492169423, 0.487460127, 0.491512447, 
15, 0.518763360, 0.519689162, 0.519187354, 0.517190278, 0.519510062, 0.516855880, 0.520689327, 0.519812407, 0.515461823, 0.520157851, 
16, 0.469281748, 0.471436407, 0.468504438, 0.471538381, 0.461590875, 0.471996066, 0.470435625, 0.471532629, 0.475335183, 0.469890564, 
17, 0.506439441, 0.507844525, 0.506991660, 0.508152711, 0.506655344, 0.506658243, 0.507689424, 0.507741061, 0.507907220, 0.506673924, 
18, 0.483776618, 0.485980782, 0.484000540, 0.485330309, 0.484327695, 0.485225951, 0.484195858, 0.484338578, 0.483333639, 0.484406550, 
19, 0.498454821, 0.499130110, 0.498272028, 0.497986986, 0.498712848, 0.496700670, 0.499194258, 0.497160324, 0.498176059, 0.497026140, 
20, 0.481074909, 0.480766530, 0.478441873, 0.480765597, 0.479570931, 0.480254553, 0.479581347, 0.479557070, 0.479684769, 0.482221571, 
21, 0.497074922, 0.496042750, 0.494937326, 0.494476460, 0.495351574, 0.493787090, 0.496211040, 0.494543292, 0.495681953, 0.495853796, 
22, 0.481466528, 0.482439280, 0.482880333, 0.482967010, 0.482063204, 0.482674221, 0.482884532, 0.482297116, 0.482498516, 0.482226423, 
23, 0.496571675, 0.499177355, 0.496201029, 0.494395762, 0.498627237, 0.497275190, 0.498188844, 0.497105755, 0.497707848, 0.497857317, 
24, 0.468320105, 0.469181956, 0.469710873, 0.470226937, 0.469177516, 0.468980065, 0.469418002, 0.469712652, 0.468715989, 0.469531997, 
25, 0.488144149, 0.487582993, 0.488276058, 0.485939079, 0.488546585, 0.488853199, 0.488789814, 0.488001769, 0.489104476, 0.487425787, 
26, 0.478674745, 0.477519816, 0.478530726, 0.477213532, 0.478498443, 0.478068766, 0.477609924, 0.477679648, 0.477621084, 0.477645750, 
27, 0.485904628, 0.487621944, 0.486707189, 0.486571304, 0.487797914, 0.487107595, 0.486667169, 0.487707120, 0.486954741, 0.488078215, 
28, 0.472103187, 0.472416932, 0.473031095, 0.470718589, 0.472381793, 0.470662297, 0.474087130, 0.471191897, 0.472593129, 0.471020743, 
29, 0.483094281, 0.482561154, 0.484193793, 0.483244675, 0.501836424, 0.494588707, 0.489763491, 0.484317285, 0.483405764, 0.439811001, 
30, 0.468532253, 0.471529869, 0.470713052, 0.472765505, 0.470984513, 0.471768846, 0.474259646, 0.471750165, 0.470325867, 0.470402767, 
31, 0.480947758, 0.481676877, 0.481633258, 0.481481903, 0.482071927, 0.480387739, 0.482269456, 0.481347645, 0.481673566, 0.481018926, 
32, 0.461656046, 0.461519350, 0.461638682, 0.460496712, 0.460501788, 0.462283979, 0.461582006, 0.463127392, 0.460937040, 0.461950273, 
33, 0.469400413, 0.470681627, 0.470252937, 0.470564957, 0.471501784, 0.470973615, 0.469409476, 0.471882105, 0.470344694, 0.471423516, 
34, 0.459668568, 0.460577659, 0.461221912, 0.460555937, 0.461141316, 0.461862907, 0.460594196, 0.461552316, 0.463179373, 0.462234069, 
35, 0.469163697, 0.469214842, 0.469993240, 0.469068575, 0.468852178, 0.469030303, 0.470449386, 0.468064147, 0.469058746, 0.467303412, 
36, 0.456579523, 0.457232110, 0.456669643, 0.427820205, 0.457490253, 0.457475587, 0.458641421, 0.457911765, 0.457041453, 0.454820309, 
37, 0.464981413, 0.467002204, 0.471154400, 0.465778438, 0.466064549, 0.467319790, 0.465499405, 0.467401690, 0.465222508, 0.466056127, 
38, 0.456207094, 0.457692063, 0.455644924, 0.458117742, 0.455749724, 0.458432077, 0.457443078, 0.457446499, 0.456763263, 0.457230307, 
39, 0.465141449, 0.465406678, 0.464932481, 0.464284777, 0.466617478, 0.465928102, 0.465230216, 0.465151847, 0.466135396, 0.465914262, 
40, 0.451234188, 0.449681805, 0.450421937, 0.449992608, 0.451749158, 0.450153254, 0.450866774, 0.450937899, 0.450546471, 0.450947186, 
41, 0.459220222, 0.459208700, 0.459998225, 0.458509364, 0.461058677, 0.458693312, 0.461057400, 0.459393936, 0.458280617, 0.458909733, 
42, 0.454548421, 0.454611910, 0.454928330, 0.455676247, 0.454272992, 0.456263746, 0.453803926, 0.454587547, 0.456055968, 0.454850038, 
43, 0.461866806, 0.463962218, 0.462784263, 0.462283870, 0.461328256, 0.463542826, 0.462366704, 0.463409110, 0.463841054, 0.462076037, 
44, 0.455726315, 0.455610846, 0.456817782, 0.457039523, 0.456248823, 0.456973647, 0.456365908, 0.457580800, 0.456646361, 0.456511656, 
45, 0.462678652, 0.465021260, 0.463814022, 0.464452943, 0.464601804, 0.462946481, 0.463951772, 0.464963500, 0.463232106, 0.464733323, 
46, 0.455422038, 0.459426959, 0.456955192, 0.456859372, 0.457164671, 0.456585172, 0.456812520, 0.457867416, 0.457363276, 0.457317216, 
47, 0.463133387, 0.464693937, 0.462759601, 0.464247652, 0.462303802, 0.464489262, 0.464243080, 0.464836525, 0.462446202, 0.464740923, 
48, 0.451991048, 0.452960052, 0.453247902, 0.451641250, 0.451061761, 0.452212267, 0.453395614, 0.452844226, 0.452843286, 0.451171110, 
49, 0.458010183, 0.458613598, 0.458487308, 0.458984978, 0.459817830, 0.457605199, 0.458896544, 0.458717976, 0.459682834, 0.458013271, 
50, 0.452555450, 0.453530152, 0.453030793, 0.453482932, 0.452481770, 0.453371698, 0.453034622, 0.453122658, 0.453159806, 0.453344080, 
51, 0.457781979, 0.457949651, 0.457589529, 0.457377243, 0.458607954, 0.458163338, 0.458370634, 0.459850598, 0.456973543, 0.458002107, 
52, 0.453269564, 0.468368418, 0.455496285, 0.451749246, 0.451842817, 0.451846802, 0.450919850, 0.451953276, 0.452965779, 0.452823932, 
53, 0.457074595, 0.461125856, 0.458211945, 0.456765118, 0.456755352, 0.456217704, 0.458148756, 0.456617171, 0.457715977, 0.457774292, 
54, 0.452060502, 0.452745330, 0.451046630, 0.450462682, 0.452387303, 0.452790485, 0.452241433, 0.451546480, 0.451976755, 0.450474295, 
55, 0.457083997, 0.458520569, 0.457896612, 0.457156335, 0.456577032, 0.458015879, 0.457807806, 0.456815769, 0.456651305, 0.457951303, 
56, 0.447554875, 0.449240887, 0.448850549, 0.447886346, 0.452380284, 0.452419471, 0.450793707, 0.447728216, 0.447029058, 0.448483087, 
57, 0.451740460, 0.452139901, 0.453120699, 0.451889660, 0.451924090, 0.453383513, 0.453313257, 0.453389487, 0.453983938, 0.453043595, 
58, 0.446902718, 0.448292939, 0.448555590, 0.448105395, 0.448879939, 0.445041780, 0.447452257, 0.446581849, 0.447091284, 0.445564629, 
59, 0.453868846, 0.452569870, 0.454347595, 0.452345277, 0.452095884, 0.452646095, 0.452433929, 0.453133912, 0.454625423, 0.453419626, 
60, 0.447079009, 0.448925293, 0.448087015, 0.449095801, 0.447138758, 0.449136620, 0.448950153, 0.449089604, 0.449903298, 0.446897285, 
61, 0.449853503, 0.454256543, 0.451477562, 0.455016961, 0.452994254, 0.455155786, 0.453659193, 0.455464990, 0.453747881, 0.453286667, 
62, 0.449267879, 0.449609910, 0.448999401, 0.449112465, 0.450758104, 0.450492923, 0.449563952, 0.448316699, 0.451494285, 0.448111362, 
63, 0.453545347, 0.454361682, 0.456100464, 0.452465675, 0.454417126, 0.454566256, 0.455140989, 0.453288682, 0.455746361, 0.455435267, 
64, 0.446593693, 0.444913801, 0.447950257, 0.446876799, 0.446531748, 0.444322766, 0.446554663, 0.443702538, 0.446204364, 0.445999269, 
65, 0.451186274, 0.451280386, 0.452987520, 0.446587687, 0.452622480, 0.449920184, 0.453021921, 0.450480875, 0.451250122, 0.450743783, 
66, 0.446483288, 0.448653517, 0.447566335, 0.448790850, 0.449911600, 0.448788581, 0.447488682, 0.445498420, 0.446977260, 0.446393254, 
67, 0.451453920, 0.452414793, 0.452834678, 0.451926868, 0.453152784, 0.452907429, 0.453225652, 0.453312406, 0.452203418, 0.451615216, 
68, 0.446820241, 0.447428011, 0.448233560, 0.448812759, 0.447741175, 0.447155645, 0.449081762, 0.449091640, 0.447877054, 0.448564948, 
69, 0.452953067, 0.460806501, 0.453921354, 0.454148578, 0.455760526, 0.453642958, 0.452186394, 0.454695122, 0.451043481, 0.454787110, 
70, 0.448056121, 0.447665652, 0.448217159, 0.445971738, 0.449759694, 0.446998747, 0.449879558, 0.448540504, 0.449556598, 0.449650763, 
71, 0.452417019, 0.451829572, 0.452661235, 0.453302069, 0.454107432, 0.452217473, 0.453390172, 0.452405730, 0.453091734, 0.451772420, 
72, 0.443354250, 0.447688799, 0.445424704, 0.445401396, 0.444110800, 0.445093348, 0.444799989, 0.446065346, 0.445659586, 0.445854009, 
73, 0.449159323, 0.451057155, 0.448750566, 0.452366623, 0.450563778, 0.449213453, 0.450188565, 0.450754870, 0.451536413, 0.447541658, 
74, 0.445255993, 0.446116629, 0.446671898, 0.447741476, 0.446115035, 0.447724875, 0.446002985, 0.445713926, 0.449252448, 0.446809353, 
75, 0.450189548, 0.450637136, 0.451979171, 0.452109795, 0.473355436, 0.457859425, 0.453599789, 0.450080783, 0.451134526, 0.451768919, 
76, 0.445667009, 0.446075809, 0.447107546, 0.446107163, 0.445389005, 0.456890553, 0.441886485, 0.445399308, 0.447761605, 0.447319136, 
77, 0.449923570, 0.450751411, 0.449734657, 0.451170664, 0.451969287, 0.451957140, 0.451219903, 0.452619380, 0.444355425, 0.452280428, 
78, 0.446383878, 0.447041519, 0.443992427, 0.449159999, 0.445391350, 0.447907993, 0.430636625, 0.447286775, 0.435481215, 0.448733013, 
79, 0.448739473, 0.454053472, 0.447537073, 0.454721409, 0.438263744, 0.453334855, 0.436424323, 0.453683385, 0.441227186, 0.453511291, 
80, 0.439600978, 0.447272842, 0.440658856, 0.446429719, 0.442777065, 0.448460813, 0.444467630, 0.445222813, 0.446098047, 0.447686599, 
81, 0.449414296, 0.449583199, 0.450473460, 0.450265372, 0.451386031, 0.446278408, 0.451350102, 0.451964119, 0.450575084, 0.451808348, 
82, 0.445818326, 0.448345253, 0.448021782, 0.448243088, 0.446170398, 0.446913927, 0.443238005, 0.446443291, 0.444926438, 0.448270009, 
83, 0.452004780, 0.452699475, 0.454069663, 0.452304132, 0.452823875, 0.451834534, 0.451954155, 0.453734418, 0.452060918, 0.453292480, 
84, 0.446393399, 0.448305921, 0.448834738, 0.448997768, 0.445668544, 0.449516076, 0.444004612, 0.448674251, 0.448255997, 0.450162083, 
85, 0.451317873, 0.452832025, 0.454666715, 0.450734739, 0.454339696, 0.450880649, 0.451452735, 0.451018556, 0.451124466, 0.453690632, 
86, 0.448282215, 0.444161692, 0.448088293, 0.446153959, 0.449277287, 0.448434562, 0.449558030, 0.447301244, 0.449444379, 0.448755767, 
87, 0.452206105, 0.453343049, 0.454659985, 0.449436098, 0.454409000, 0.453706615, 0.453561641, 0.454251959, 0.451504115, 0.453924121, 
88, 0.446184176, 0.448239418, 0.448262569, 0.445990983, 0.447139205, 0.446524900, 0.447982657, 0.442238847, 0.448140121, 0.444640984, 
89, 0.450115031, 0.451684467, 0.450795100, 0.452374796, 0.452322562, 0.452891526, 0.450536333, 0.449386292, 0.451874176, 0.451309137, 
90, 0.447701994, 0.448806763, 0.449553168, 0.448598856, 0.447892910, 0.444697785, 0.446779514, 0.446677034, 0.448614586, 0.449195161, 
91, 0.451307873, 0.451245829, 0.453844463, 0.453253594, 0.452568712, 0.452962320, 0.453076666, 0.447871761, 0.450786107, 0.452360677, 
92, 0.447880571, 0.445826877, 0.449954223, 0.449573144, 0.449690601, 0.449542031, 0.449540624, 0.446908656, 0.450408200, 0.442429171, 
93, 0.450161407, 0.454563586, 0.452160684, 0.450483072, 0.452483791, 0.451276304, 0.450979210, 0.452783638, 0.453450750, 0.450368386, 
94, 0.443339207, 0.447668917, 0.448839721, 0.449319818, 0.448760248, 0.447158020, 0.446931037, 0.449596166, 0.449377665, 0.441638694, 
95, 0.450865312, 0.455390465, 0.453308454, 0.454503812, 0.453012120, 0.453989718, 0.452362810, 0.453018466, 0.451558396, 0.450946701, 
96, 0.444718453, 0.447964161, 0.446664253, 0.448698547, 0.441457063, 0.445097109, 0.447224020, 0.447514049, 0.447381315, 0.447385598, 
97, 0.449255572, 0.453212094, 0.451971430, 0.452527376, 0.446730913, 0.450086741, 0.451915632, 0.449579810, 0.451459756, 0.450178554, 
98, 0.446871039, 0.449105398, 0.450022810, 0.448560728, 0.447047742, 0.449291648, 0.447918007, 0.450078338, 0.447363562, 0.449901888, 
99, 0.453114966, 0.475341947, 0.459919872, 0.457918140, 0.450946298, 0.450685127, 0.447702597, 0.453444897, 0.434905613, 0.451924342, 
100, 0.446659623, 0.454096871, 0.448783926, 0.449199151, 0.446891041, 0.448927881, 0.449228806, 0.447609721, 0.446817468, 0.448486908, 
101, 0.451292217, 0.446221581, 0.453403422, 0.452452865, 0.451496393, 0.450058789, 0.453064346, 0.447122813, 0.451066827, 0.450078915, 
102, 0.450864145, 0.433920574, 0.450487409, 0.436679979, 0.448427178, 0.446473350, 0.450796563, 0.449847904, 0.451000822, 0.448041375, 
103, 0.454866573, 0.445756074, 0.452737505, 0.447750998, 0.454970477, 0.451649853, 0.454950391, 0.410810918, 0.452686835, 0.450497954, 
104, 0.447396238, 0.440893288, 0.449862365, 0.445858646, 0.448740394, 0.449123737, 0.449889100, 0.448919285, 0.449155730, 0.448441418, 
105, 0.450618539, 0.453943405, 0.453810727, 0.440126168, 0.451387512, 0.449695556, 0.454211596, 0.451620897, 0.453964533, 0.451906162, 
106, 0.448794028, 0.449763440, 0.448761438, 0.437701049, 0.451012646, 0.449924191, 0.448822943, 0.449831339, 0.448505587, 0.450888324, 
107, 0.449071189, 0.452282862, 0.454435991, 0.454601764, 0.455641098, 0.453429467, 0.452304391, 0.452794808, 0.451597014, 0.453257480, 
108, 0.446452100, 0.450479219, 0.449323072, 0.449107807, 0.450454808, 0.439148501, 0.450610873, 0.447856576, 0.447678660, 0.446803307, 
109, 0.450319513, 0.451499234, 0.452221041, 0.454740915, 0.454405853, 0.452560181, 0.454102076, 0.444134093, 0.454426164, 0.452049398, 
110, 0.447425083, 0.450185088, 0.451189366, 0.445607336, 0.450393169, 0.448652943, 0.450446737, 0.449335807, 0.450491265, 0.448710303, 
111, 0.451896438, 0.455019564, 0.455598756, 0.455675274, 0.455013230, 0.454874532, 0.455012965, 0.455320765, 0.453944375, 0.454998195, 
112, 0.446317484, 0.450059595, 0.447828365, 0.448775776, 0.448017958, 0.449972117, 0.446198928, 0.447777613, 0.449601195, 0.448729124, 
113, 0.450813475, 0.453645857, 0.454033228, 0.453962210, 0.450182952, 0.451968500, 0.451918387, 0.454600203, 0.451029587, 0.454509886, 
114, 0.449049324, 0.447912792, 0.450161894, 0.450574941, 0.450918892, 0.449374493, 0.449023750, 0.451284305, 0.450162081, 0.448038065, 
115, 0.450618288, 0.456183212, 0.455902360, 0.455113158, 0.451597793, 0.455411347, 0.454062876, 0.453539053, 0.454807188, 0.455518470, 
116, 0.447710713, 0.450706383, 0.449905265, 0.451136651, 0.449578017, 0.450600260, 0.449822598, 0.449300170, 0.447140151, 0.447662156, 
117, 0.452947729, 0.454514501, 0.454811433, 0.454357017, 0.455865591, 0.454879496, 0.455208380, 0.452363256, 0.454610658, 0.452510954, 
118, 0.449029269, 0.452278434, 0.451779070, 0.451210589, 0.451626416, 0.451234292, 0.451278982, 0.448089792, 0.449026364, 0.449561958, 
119, 0.452773620, 0.452910668, 0.453893218, 0.454833579, 0.454094737, 0.455204272, 0.452052990, 0.452416917, 0.455655529, 0.454916853, 
120, 0.447465342, 0.450774127, 0.449649094, 0.451469566, 0.447878933, 0.451363233, 0.421203510, 0.450232413, 0.450087251, 0.447652409, 
121, 0.451239638, 0.455976167, 0.452891519, 0.455597837, 0.453939905, 0.454038920, 0.454065128, 0.453235727, 0.454464228, 0.453960667, 
122, 0.448183630, 0.452293475, 0.449962540, 0.452498254, 0.450486567, 0.450006549, 0.472324550, 0.458213541, 0.450026510, 0.448372208, 
123, 0.452175081, 0.454511309, 0.454451088, 0.452369053, 0.454696909, 0.451881559, 0.454384329, 0.458492777, 0.454432166, 0.455419400, 
124, 0.448412021, 0.450348544, 0.450816174, 0.449346176, 0.452387345, 0.449348177, 0.450905486, 0.450189902, 0.448290214, 0.448137920, 
125, 0.452016497, 0.454772199, 0.455863049, 0.453079497, 0.452286068, 0.453178635, 0.455286750, 0.453392589, 0.452011929, 0.451638543, 
126, 0.448008970, 0.452367112, 0.449048243, 0.451756023, 0.451232232, 0.451385031, 0.450813689, 0.449552548, 0.451396129, 0.451924406, 
127, 0.453077123, 0.456535718, 0.455396888, 0.454119314, 0.452485330, 0.455764488, 0.453730332, 0.454915406, 0.447322261, 0.455476451, 
128, 0.446603832, 0.447076255, 0.450588248, 0.450580230, 0.447615146, 0.447647728, 0.447031964, 0.450417194, 0.448782455, 0.450253736, 
129, 0.451811264, 0.453290701, 0.451351825, 0.453622311, 0.454202479, 0.453075817, 0.451471098, 0.453737581, 0.453773281, 0.453231166, 
130, 0.448430599, 0.451769904, 0.448913436, 0.450640118, 0.448276077, 0.448273747, 0.448789656, 0.450714334, 0.451426573, 0.448333736, 
131, 0.451557091, 0.449774866, 0.454404537, 0.453474107, 0.450567346, 0.451829459, 0.454193273, 0.452647987, 0.453950297, 0.454942261, 
132, 0.446011719, 0.450562441, 0.445350571, 0.450412207, 0.449870847, 0.447838982, 0.449968350, 0.451151919, 0.451161528, 0.450480707, 
133, 0.450194770, 0.454868751, 0.453370018, 0.453806220, 0.452993005, 0.454473033, 0.453695819, 0.451905515, 0.454600250, 0.454773529, 
134, 0.449911307, 0.450169117, 0.451547115, 0.448491240, 0.448144535, 0.451398165, 0.450807679, 0.448566579, 0.451069010, 0.451342159, 
135, 0.452822887, 0.455174797, 0.451900941, 0.455667054, 0.451962515, 0.450947218, 0.455486040, 0.453906910, 0.453564070, 0.453373887, 
136, 0.446565275, 0.447922539, 0.449940373, 0.450195242, 0.449557184, 0.446913223, 0.446397289, 0.450105877, 0.448436710, 0.446689183, 
137, 0.449776533, 0.452896199, 0.450989262, 0.453878431, 0.450449015, 0.453696299, 0.450521847, 0.454783547, 0.449310353, 0.453404876, 
138, 0.452019170, 0.453399861, 0.455772888, 0.456097787, 0.451801136, 0.456827933, 0.455599040, 0.456058571, 0.455556959, 0.453463715, 
139, 0.452697899, 0.452370732, 0.452685568, 0.454251660, 0.455476240, 0.451067278, 0.455552677, 0.453659373, 0.451985707, 0.453844858, 
140, 0.447834328, 0.448959663, 0.450962550, 0.449649234, 0.449040332, 0.449877144, 0.450994669, 0.449976662, 0.447915149, 0.450900637, 
141, 0.451574527, 0.451462004, 0.454958383, 0.454572818, 0.452193938, 0.456244560, 0.450932938, 0.454569246, 0.450793203, 0.453163278, 
142, 0.449383901, 0.448065943, 0.453036329, 0.448360445, 0.453192167, 0.451201453, 0.452269677, 0.450912053, 0.451337241, 0.452479975, 
143, 0.453142435, 0.455244270, 0.453169130, 0.455427370, 0.456799489, 0.452298023, 0.452679772, 0.451386889, 0.451825363, 0.455563944, 
144, 0.446796574, 0.450553786, 0.447188282, 0.451050324, 0.449756823, 0.450354123, 0.449920158, 0.450164045, 0.449578832, 0.450229301, 
145, 0.451262084, 0.454614390, 0.454371114, 0.452861286, 0.473305606, 0.461231095, 0.453884202, 0.451305562, 0.453793486, 0.454879698, 
146, 0.450256121, 0.452311615, 0.448612111, 0.453121247, 0.448817453, 0.449235861, 0.452605577, 0.453009653, 0.447808983, 0.452756149, 
147, 0.452342295, 0.452529237, 0.457624175, 0.452822888, 0.451983691, 0.458974866, 0.452206220, 0.455042660, 0.410811823, 0.452336537, 
148, 0.448572323, 0.452061164, 0.451995754, 0.451429845, 0.452381806, 0.452718948, 0.451675332, 0.448165512, 0.451718328, 0.451626800, 
149, 0.452107376, 0.452628717, 0.455740688, 0.454539141, 0.454408758, 0.455169254, 0.455194927, 0.452078066, 0.452027005, 0.455431476, 
150, 0.453016212, 0.453771633, 0.454064708, 0.452575900, 0.454703350, 0.450055928, 0.449281995, 0.449866654, 0.453323610, 0.453197752, 
151, 0.453655315, 0.457542709, 0.456051041, 0.456124411, 0.456360381, 0.457130576, 0.453203790, 0.456671870, 0.453234882, 0.453535444, 
152, 0.448406273, 0.451510942, 0.449319395, 0.451551566, 0.447851746, 0.451551730, 0.451427328, 0.451838188, 0.448334335, 0.451978532, 
153, 0.453266655, 0.456224695, 0.455934175, 0.453440642, 0.456630515, 0.452159767, 0.455832455, 0.455348762, 0.456483096, 0.452736561, 
154, 0.450752844, 0.450025782, 0.450304740, 0.453793188, 0.449704081, 0.452887653, 0.450861162, 0.453202366, 0.453261530, 0.454412393, 
155, 0.454312504, 0.453015621, 0.456860044, 0.457847779, 0.456911999, 0.455992738, 0.456471945, 0.453441016, 0.457513164, 0.456055667, 
156, 0.449621847, 0.453190167, 0.449122977, 0.452779042, 0.450198038, 0.453435335, 0.450174729, 0.453269109, 0.453169010, 0.449557653, 
157, 0.453235785, 0.453057418, 0.457123309, 0.456032704, 0.456485124, 0.452800485, 0.456322197, 0.456569727, 0.456398455, 0.452935920, 
158, 0.451201281, 0.454010372, 0.451185160, 0.450794944, 0.454310433, 0.454596891, 0.455499144, 0.452120905, 0.454914004, 0.455255314, 
159, 0.455295304, 0.457295935, 0.453370825, 0.457536541, 0.453597022, 0.453665498, 0.457059339, 0.456604376, 0.453827739, 0.457095415, 
160, 0.448179929, 0.454190250, 0.453268905, 0.448903658, 0.453814538, 0.450384212, 0.452159919, 0.407420646, 0.452237353, 0.452137296, 
161, 0.453805541, 0.456609897, 0.456942453, 0.456885266, 0.453614506, 0.453730722, 0.457320614, 0.457484934, 0.457127489, 0.456418339, 
162, 0.450989018, 0.455518947, 0.451472641, 0.454936908, 0.450871435, 0.451389974, 0.455632914, 0.451461099, 0.454312758, 0.451832724, 
163, 0.453498847, 0.456750460, 0.457091059, 0.457681942, 0.453649552, 0.457636378, 0.458359229, 0.457208563, 0.457079977, 0.457311647, 
164, 0.449806312, 0.450151176, 0.449864516, 0.453741862, 0.453835110, 0.453775386, 0.450007450, 0.450232669, 0.453673252, 0.453336050, 
165, 0.453022631, 0.457788139, 0.453631602, 0.457272714, 0.459484305, 0.453418317, 0.456576448, 0.453696400, 0.456016244, 0.453804541, 
166, 0.452305188, 0.459292548, 0.457048650, 0.456289500, 0.456006857, 0.455601921, 0.452784003, 0.452416058, 0.455718594, 0.455606876, 
167, 0.455408545, 0.458195198, 0.454370224, 0.455008543, 0.458288297, 0.455161642, 0.454019750, 0.454958158, 0.454614021, 0.458705192, 
168, 0.450535255, 0.453949416, 0.463122084, 0.466535427, 0.453574582, 0.450894938, 0.454378565, 0.450524322, 0.454170288, 0.453892605, 
169, 0.454641349, 0.457692354, 0.459168393, 0.457096940, 0.458587355, 0.453778242, 0.457912178, 0.453975998, 0.456959382, 0.453968172, 
170, 0.453742246, 0.456716365, 0.456367284, 0.456411419, 0.456469351, 0.456317934, 0.456345951, 0.456598496, 0.452544916, 0.455747404, 
171, 0.454648270, 0.458126817, 0.458332087, 0.458258977, 0.458521934, 0.457796092, 0.459553528, 0.458438546, 0.458889454, 0.455421252, 
172, 0.451394918, 0.452387097, 0.451431373, 0.451903899, 0.455117285, 0.454815874, 0.455019766, 0.454676619, 0.455880265, 0.455385477, 
173, 0.455824858, 0.458884147, 0.458308568, 0.459364121, 0.458981422, 0.458672866, 0.458848214, 0.455288287, 0.459854945, 0.460096127, 
174, 0.453379234, 0.453265827, 0.457081570, 0.452470031, 0.456813649, 0.452683276, 0.457433847, 0.456272287, 0.456691216, 0.453090879, 
175, 0.455683811, 0.457304649, 0.455339834, 0.455895210, 0.459684208, 0.460160651, 0.460415664, 0.460522210, 0.459474699, 0.456181350, 
176, 0.452687193, 0.452363003, 0.452065198, 0.452503669, 0.456158977, 0.452033060, 0.456559827, 0.455632728, 0.455310885, 0.454737414, 
177, 0.455229502, 0.459412181, 0.456104804, 0.459729564, 0.458797797, 0.459000747, 0.458565911, 0.458966942, 0.458924196, 0.454942824, 
178, 0.453845367, 0.457518496, 0.452775160, 0.453854670, 0.457401571, 0.457996396, 0.456651943, 0.454649753, 0.457323819, 0.457882532, 
179, 0.456188152, 0.460130506, 0.461572422, 0.458992878, 0.455774021, 0.455195017, 0.455895500, 0.459575968, 0.459202911, 0.459131259, 
180, 0.453885408, 0.453382043, 0.453645601, 0.456900720, 0.453267661, 0.456751544, 0.456849322, 0.455730485, 0.456449144, 0.456495675, 
181, 0.457731873, 0.456142116, 0.459828036, 0.459488410, 0.456292887, 0.456005204, 0.455896536, 0.457211040, 0.460150165, 0.460492137, 
182, 0.454690520, 0.458014842, 0.458564209, 0.457514488, 0.457450458, 0.457945309, 0.454786662, 0.458224976, 0.454215024, 0.458211490, 
183, 0.457261761, 0.460208635, 0.460015364, 0.457538151, 0.460287132, 0.459804641, 0.456316531, 0.456999885, 0.461387278, 0.459927917, 
184, 0.454173564, 0.457595359, 0.457010855, 0.456787417, 0.457241988, 0.456258220, 0.457935198, 0.458097295, 0.454359614, 0.458241779, 
185, 0.455997940, 0.459359421, 0.458848800, 0.456300010, 0.459554960, 0.459924486, 0.460641002, 0.456349941, 0.459597895, 0.459545582, 
186, 0.454373702, 0.453980517, 0.454076339, 0.459195738, 0.457087902, 0.457162321, 0.458419922, 0.454525209, 0.459187736, 0.454424121, 
187, 0.456272616, 0.460326183, 0.461435993, 0.456234541, 0.456379800, 0.457127268, 0.460292238, 0.460250645, 0.456900032, 0.459947673, 
188, 0.453683002, 0.457376788, 0.456035474, 0.453782049, 0.452933511, 0.457481701, 0.458342312, 0.453231868, 0.457624741, 0.453479728, 
189, 0.457835661, 0.456799748, 0.460424659, 0.460940843, 0.460469241, 0.457141959, 0.456380287, 0.460739829, 0.459959574, 0.460543441, 
190, 0.455733836, 0.458818316, 0.458909743, 0.459471978, 0.458392410, 0.459835062, 0.469127995, 0.483175615, 0.461653059, 0.460605835, 
191, 0.457235494, 0.461120896, 0.456941141, 0.461645984, 0.456620445, 0.457527281, 0.461268470, 0.459057909, 0.462003522, 0.461884734, 
192, 0.453132662, 0.457314451, 0.457743212, 0.457681748, 0.454181269, 0.454212957, 0.453419458, 0.453343066, 0.458546027, 0.457892901, 
193, 0.454068768, 0.458773045, 0.454903631, 0.453986851, 0.453889573, 0.458473357, 0.458387011, 0.454287295, 0.458506913, 0.453820390, 
194, 0.456463663, 0.457324772, 0.461045573, 0.460202306, 0.461982262, 0.456535502, 0.460299932, 0.461214418, 0.460525002, 0.460509987, 
195, 0.458033140, 0.459910226, 0.457495140, 0.462106134, 0.458787456, 0.458396252, 0.461923589, 0.458294215, 0.461647831, 0.461605785, 
196, 0.455033407, 0.454574994, 0.460252847, 0.454233379, 0.458889256, 0.458634423, 0.455124079, 0.454431498, 0.458164018, 0.454263887, 
197, 0.458504025, 0.463083117, 0.461804137, 0.457860493, 0.462089981, 0.458798612, 0.461323559, 0.460865079, 0.458345922, 0.463033002, 
198, 0.456712262, 0.460997190, 0.456592039, 0.460930924, 0.460408151, 0.460094953, 0.456298446, 0.456271313, 0.457407613, 0.460590791, 
199, 0.460038351, 0.437364507, 0.464329271, 0.462331004, 0.462468283, 0.457763664, 0.458787691, 0.462438302, 0.462243824, 0.458896573, 
200, 0.455054709, 0.459003462, 0.459052402, 0.458509516, 0.458452921, 0.458345878, 0.458902101, 0.458948955, 0.454878268, 0.454221593, 
201, 0.459005348, 0.457974264, 0.462804218, 0.458260795, 0.463487818, 0.462770515, 0.462340231, 0.463616478, 0.459560374, 0.462902059, 
202, 0.457035294, 0.456491806, 0.456623526, 0.460432779, 0.457226568, 0.460689810, 0.458198116, 0.456957732, 0.461522870, 0.461203014, 
203, 0.459640614, 0.462885925, 0.463419298, 0.462314193, 0.462539879, 0.462939417, 0.458750474, 0.464581343, 0.458613826, 0.458312219, 
204, 0.456575662, 0.457478034, 0.460340809, 0.460946920, 0.456420769, 0.460649173, 0.456017380, 0.460065850, 0.456196236, 0.460078340, 
205, 0.459905634, 0.463854855, 0.463680821, 0.463214225, 0.460401122, 0.463445397, 0.458924696, 0.459200659, 0.464631119, 0.463706242, 
206, 0.458096308, 0.457843331, 0.462510498, 0.461062487, 0.457667892, 0.462182557, 0.459948626, 0.461835624, 0.462456413, 0.462347777, 
207, 0.461266568, 0.465459396, 0.462096411, 0.466950485, 0.466351789, 0.461776457, 0.465806106, 0.465793208, 0.465635848, 0.465500734, 
208, 0.456772194, 0.461407335, 0.456714305, 0.461111920, 0.456263082, 0.461148979, 0.460621764, 0.457100462, 0.461410889, 0.461098923, 
209, 0.460766429, 0.465118394, 0.461052074, 0.464716543, 0.459784507, 0.465186915, 0.464790362, 0.464330886, 0.460023697, 0.464370562, 
210, 0.460058250, 0.462872530, 0.459657665, 0.462462012, 0.463395379, 0.462483929, 0.463034839, 0.458299727, 0.458770326, 0.462850937, 
211, 0.460862743, 0.461532506, 0.460161175, 0.465073862, 0.464773311, 0.464938593, 0.464427465, 0.464302761, 0.464843412, 0.460799876, 
212, 0.457357821, 0.462331317, 0.457725876, 0.461571174, 0.461636253, 0.457864041, 0.459727407, 0.456886816, 0.460568599, 0.462475857, 
213, 0.468519000, 0.464562573, 0.457256268, 0.464349681, 0.463999538, 0.464536511, 0.464663327, 0.463233517, 0.459696692, 0.463653319, 
214, 0.460983049, 0.462940649, 0.458654463, 0.461892899, 0.462642147, 0.461004773, 0.463097430, 0.457506534, 0.459909009, 0.462021175, 
215, 0.460370861, 0.461347798, 0.464250644, 0.460392631, 0.464422749, 0.464592434, 0.458028564, 0.464126044, 0.464080578, 0.464753669, 
216, 0.454126067, 0.457148870, 0.459997143, 0.457305525, 0.459661008, 0.457625556, 0.462364475, 0.462615418, 0.456179851, 0.458361164, 
217, 0.460524768, 0.459408514, 0.464880155, 0.459032599, 0.464751985, 0.465273840, 0.460184832, 0.464459859, 0.464354955, 0.464995131, 
218, 0.458440490, 0.458767314, 0.461614404, 0.458858521, 0.462322730, 0.462939234, 0.458943307, 0.463830977, 0.457498631, 0.458816893, 
219, 0.460278567, 0.460802943, 0.465494570, 0.460303966, 0.464312543, 0.465147798, 0.465779529, 0.465742212, 0.464900821, 0.461364656, 
220, 0.457987604, 0.457702312, 0.461663782, 0.458815870, 0.461543244, 0.458457022, 0.461960350, 0.462600811, 0.461121397, 0.457959304, 
221, 0.463336313, 0.463249186, 0.463437211, 0.467334951, 0.468007973, 0.468096020, 0.467682287, 0.467401212, 0.467596335, 0.466911830, 
222, 0.458944190, 0.465588736, 0.463885814, 0.458665792, 0.464146869, 0.463536375, 0.459221596, 0.463899524, 0.463657791, 0.457322123, 
223, 0.460811300, 0.462487591, 0.465790863, 0.462226023, 0.466583067, 0.466675870, 0.466768926, 0.466659347, 0.460647020, 0.462383428, 
224, 0.460825628, 0.457176077, 0.462384418, 0.462941321, 0.462992029, 0.457704955, 0.463101544, 0.463994743, 0.462511716, 0.463172963, 
225, 0.462628047, 0.461232198, 0.461529745, 0.467310472, 0.466263111, 0.463795921, 0.466491257, 0.466151398, 0.468117121, 0.466624081, 
226, 0.460491664, 0.464799187, 0.459884415, 0.458754037, 0.464746770, 0.464798441, 0.465417150, 0.464295863, 0.465159062, 0.465083181, 
227, 0.462153140, 0.462328228, 0.466739359, 0.466610786, 0.465257032, 0.466992733, 0.466730044, 0.467903552, 0.466508646, 0.462147449, 
228, 0.460314566, 0.458636791, 0.464131924, 0.463489224, 0.464078837, 0.457950435, 0.465050001, 0.463265183, 0.459475625, 0.419551994, 
229, 0.460145641, 0.461906091, 0.465706721, 0.461651540, 0.466237098, 0.468042034, 0.466863993, 0.466172653, 0.462185237, 0.466318695, 
230, 0.459243438, 0.466229757, 0.465368972, 0.460922575, 0.465562417, 0.465573991, 0.460466145, 0.465798417, 0.465586747, 0.460945439, 
231, 0.460978415, 0.467754945, 0.462474112, 0.462745683, 0.457714165, 0.465410648, 0.464559464, 0.467846486, 0.468183234, 0.465502052, 
232, 0.457294588, 0.459515966, 0.462472503, 0.460134964, 0.464013017, 0.465681852, 0.458546706, 0.439911957, 0.462867817, 0.459777447, 
233, 0.462804472, 0.462534180, 0.467467309, 0.463371667, 0.467031208, 0.466358601, 0.461929408, 0.467062649, 0.466266675, 0.462745360, 
234, 0.460599049, 0.464984932, 0.461591569, 0.464983493, 0.460536552, 0.465250646, 0.465603327, 0.465623407, 0.465476682, 0.463860598, 
235, 0.482076035, 0.476915087, 0.470349477, 0.467915972, 0.462959172, 0.468278262, 0.462868528, 0.463342570, 0.467160507, 0.468723719, 
236, 0.460487625, 0.466059370, 0.465584987, 0.461207127, 0.465148779, 0.465210068, 0.460182771, 0.459744266, 0.466185192, 0.460364753, 
237, 0.463496096, 0.423980299, 0.468558173, 0.467715988, 0.468543213, 0.433471044, 0.469103091, 0.467339861, 0.464035920, 0.462304271, 
238, 0.461468130, 0.466601508, 0.467042634, 0.461377449, 0.465560472, 0.466184216, 0.460919866, 0.462158321, 0.464266345, 0.466480035, 
239, 0.462945039, 0.469017021, 0.463226054, 0.468108784, 0.467404849, 0.470155343, 0.463603369, 0.468160319, 0.468260681, 0.463095625, 
240, 0.466206148, 0.465493694, 0.465169460, 0.465668743, 0.464829287, 0.461271194, 0.418951603, 0.465926637, 0.465029691, 0.466057725, 
241, 0.463804424, 0.468789636, 0.468159349, 0.463664998, 0.462592947, 0.468629550, 0.467018580, 0.469729977, 0.467486284, 0.468727775, 
242, 0.463409330, 0.460897406, 0.463312997, 0.467043573, 0.468481900, 0.465113792, 0.462830927, 0.468104234, 0.468130092, 0.461039245, 
243, 0.464029982, 0.470405760, 0.463380427, 0.469719553, 0.462700573, 0.469850568, 0.464409247, 0.469838851, 0.463928427, 0.465208256, 
244, 0.460114163, 0.467447199, 0.465369418, 0.466695032, 0.465292063, 0.467171344, 0.464724584, 0.461684893, 0.461171554, 0.461814367, 
245, 0.464259614, 0.467570874, 0.469641605, 0.468539413, 0.469394512, 0.463509047, 0.468915307, 0.468014750, 0.464410350, 0.463338184, 
246, 0.462698015, 0.466993940, 0.468363257, 0.465580511, 0.468206513, 0.465276587, 0.467605924, 0.467201404, 0.466814136, 0.466841605, 
247, 0.463432481, 0.464839091, 0.468319934, 0.464471555, 0.463584801, 0.469518303, 0.468966386, 0.469544427, 0.467576304, 0.464623454, 
248, 0.460551750, 0.466245302, 0.464677938, 0.466412069, 0.464395344, 0.460593397, 0.465717744, 0.465670204, 0.459527316, 0.466470535, 
249, 0.463441148, 0.465756901, 0.468664408, 0.469650703, 0.468412413, 0.470419100, 0.464603559, 0.464991311, 0.470657587, 0.470868936, 
250, 0.463735957, 0.468252749, 0.463721479, 0.468421034, 0.463960531, 0.467804574, 0.463560705, 0.467810843, 0.468660643, 0.469673721, 
251, 0.466452825, 0.463586032, 0.470432585, 0.462935350, 0.471179881, 0.468427174, 0.470324262, 0.469353545, 0.465893512, 0.471194208, 
252, 0.460856045, 0.468046566, 0.465423126, 0.467713423, 0.466051054, 0.462917101, 0.461926741, 0.462444677, 0.466709095, 0.467433147, 
253, 0.465318588, 0.462478900, 0.470972445, 0.468808963, 0.469888696, 0.470070212, 0.470759745, 0.463755687, 0.465275817, 0.469807830, 
254, 0.463906849, 0.469477099, 0.468576344, 0.464993461, 0.468701142, 0.468598790, 0.468870427, 0.469285281, 0.469619918, 0.468925177, 
255, 0.465491165, 0.470789314, 0.470678833, 0.466876103, 0.470504714, 0.470385871, 0.465140393, 0.471392744, 0.470651919, 0.470483452, 
256, 0.462991368, 0.468742376, 0.462746863, 0.468685460, 0.463091478, 0.468895637, 0.468010652, 0.468538953, 0.467858544, 0.468802570, 
257, 0.466283128, 0.470094265, 0.471466804, 0.490581427, 0.481599680, 0.470107382, 0.466538056, 0.470574366, 0.465297796, 0.470110185, 
258, 0.464090447, 0.465142228, 0.471755943, 0.470337605, 0.463533955, 0.464830897, 0.471395688, 0.467805215, 0.469815054, 0.464242050, 
259, 0.465850582, 0.470965756, 0.470678235, 0.466883306, 0.470423317, 0.470766632, 0.465173297, 0.465297829, 0.466714134, 0.471703154, 
260, 0.462383584, 0.470189192, 0.462709419, 0.469679900, 0.467974109, 0.469978493, 0.468934980, 0.463817888, 0.468910221, 0.470048485, 
261, 0.467205294, 0.470338093, 0.466237891, 0.465928966, 0.471672759, 0.460498206, 0.471795467, 0.472737483, 0.471726943, 0.464736874, 
262, 0.462719426, 0.469686964, 0.468583985, 0.469801012, 0.462321855, 0.469491429, 0.468510668, 0.469842354, 0.469852481, 0.464231419, 
263, 0.466778075, 0.471593887, 0.462861803, 0.471988195, 0.471919070, 0.467852872, 0.472536463, 0.473574200, 0.472050928, 0.467268066, 
264, 0.463506754, 0.469446022, 0.468687012, 0.469903060, 0.465187204, 0.471096180, 0.469821129, 0.466025792, 0.470283636, 0.465358870, 
265, 0.467181351, 0.465958198, 0.472373193, 0.467031675, 0.466534657, 0.473375736, 0.471532266, 0.472271903, 0.468788604, 0.468072531, 
266, 0.464222887, 0.470976024, 0.471250387, 0.466257108, 0.469440977, 0.465688584, 0.468712416, 0.470980245, 0.469476226, 0.470874981, 
267, 0.471231529, 0.467477356, 0.472876360, 0.466436892, 0.473769719, 0.471586813, 0.474030270, 0.471742813, 0.473383761, 0.467198161, 
268, 0.454658800, 0.471588297, 0.457714173, 0.464653373, 0.457169037, 0.467019312, 0.461250764, 0.470168153, 0.450465435, 0.470879687, 
269, 0.467296061, 0.460440297, 0.472941771, 0.465092924, 0.467158653, 0.462959399, 0.467356109, 0.467096501, 0.467299356, 0.463572910, 
270, 0.467268239, 0.472240668, 0.472366293, 0.463350621, 0.467334090, 0.459570153, 0.463703857, 0.461272009, 0.473137852, 0.472071424, 
271, 0.458819979, 0.468847610, 0.468294579, 0.473878425, 0.471105918, 0.469570620, 0.465839633, 0.473798109, 0.473999156, 0.468255768, 
272, 0.465732894, 0.465632275, 0.471805073, 0.459440479, 0.471790459, 0.470112142, 0.465688435, 0.462378988, 0.470832464, 0.470840061, 
273, 0.465700095, 0.468165172, 0.462154427, 0.469398540, 0.471493184, 0.473443205, 0.467394088, 0.474019700, 0.471501877, 0.474143650, 
274, 0.466988629, 0.466606842, 0.472388019, 0.471737002, 0.467118940, 0.472485600, 0.472062957, 0.472596707, 0.472480466, 0.472257257, 
275, 0.464311399, 0.473748881, 0.467729304, 0.474456768, 0.474500770, 0.474138552, 0.466739044, 0.473767550, 0.472374254, 0.474081327, 
276, 0.468995106, 0.465912614, 0.468523809, 0.472560696, 0.474499763, 0.466693314, 0.473738484, 0.466634458, 0.473750287, 0.472316542, 
277, 0.468715125, 0.469364380, 0.475782285, 0.475742685, 0.474072582, 0.473054768, 0.474632188, 0.465578678, 0.474432916, 0.473851870, 
278, 0.467362709, 0.468073302, 0.468571516, 0.474133135, 0.473238031, 0.473493780, 0.472534451, 0.468588835, 0.472844740, 0.473369605, 
279, 0.489757555, 0.476195255, 0.469743511, 0.476572945, 0.469395604, 0.475189129, 0.469079407, 0.475297052, 0.470101465, 0.475235818, 
280, 0.468229558, 0.472122782, 0.471791981, 0.470989002, 0.467349977, 0.471499099, 0.465869845, 0.472502350, 0.473437088, 0.461538166, 
281, 0.469440436, 0.467981078, 0.475269351, 0.474614433, 0.475185023, 0.474648215, 0.468675509, 0.469134508, 0.469029200, 0.475371427, 
282, 0.468528129, 0.467545976, 0.468364655, 0.472991263, 0.467690082, 0.469456428, 0.468608869, 0.472479482, 0.472959299, 0.472919062, 
283, 0.468530470, 0.475119565, 0.469832141, 0.469582400, 0.475534238, 0.469282705, 0.468944374, 0.469129176, 0.475126969, 0.469305471, 
284, 0.459819182, 0.474208297, 0.471263927, 0.471905171, 0.467726829, 0.472762589, 0.472769336, 0.465888923, 0.472152408, 0.473120266, 
285, 0.469236738, 0.468250429, 0.474955766, 0.468469582, 0.474794065, 0.465570041, 0.474908366, 0.474032039, 0.475027512, 0.468951719, 
286, 0.469097569, 0.464750663, 0.475730101, 0.467921567, 0.468530994, 0.473747580, 0.475614353, 0.473835945, 0.474543506, 0.460930434, 
287, 0.471111024, 0.453710458, 0.476961175, 0.452219388, 0.470728940, 0.455726329, 0.476185363, 0.458729961, 0.477394235, 0.457122599, 
288, 0.461137167, 0.474045878, 0.464318312, 0.467807963, 0.469923948, 0.474187593, 0.464770202, 0.467843964, 0.454932856, 0.473992630, 
289, 0.470135409, 0.470186866, 0.475551056, 0.474834736, 0.469601338, 0.470630023, 0.476211886, 0.469807149, 0.475127848, 0.471706386, 
290, 0.469280509, 0.469489572, 0.474934015, 0.470965997, 0.469024697, 0.475145628, 0.474758190, 0.471025268, 0.469356129, 0.474310413, 
291, 0.470005226, 0.476313248, 0.476019279, 0.471019767, 0.474607734, 0.470151835, 0.475692636, 0.476684360, 0.473669579, 0.471294762, 
292, 0.467223392, 0.474547625, 0.468114798, 0.468624910, 0.473866923, 0.474490140, 0.473837429, 0.474544215, 0.468476564, 0.474132448, 
293, 0.471198927, 0.474108240, 0.474913950, 0.475597494, 0.476603377, 0.474138002, 0.470180353, 0.475184297, 0.470311887, 0.476459221, 
294, 0.469999925, 0.475724505, 0.468776600, 0.469458288, 0.474580304, 0.476145166, 0.474438370, 0.475093771, 0.468952996, 0.476131250, 
295, 0.471508012, 0.477938549, 0.479155364, 0.470436070, 0.476995559, 0.476653612, 0.472272527, 0.470711796, 0.471249529, 0.477840000, 
296, 0.468161086, 0.475262431, 0.468693864, 0.475793925, 0.473159141, 0.469064703, 0.475028712, 0.475109402, 0.467711589, 0.474686965, 
297, 0.471677584, 0.469228116, 0.477221544, 0.475964169, 0.477817469, 0.476903697, 0.476778587, 0.474753083, 0.477391430, 0.475432937, 
298, 0.469158242, 0.475748882, 0.475024531, 0.476149824, 0.469677394, 0.470480678, 0.474746926, 0.469869655, 0.476263774, 0.473784693, 
299, 0.471756942, 0.477046373, 0.478042462, 0.470828811, 0.478077406, 0.475361762, 0.472246176, 0.471209817, 0.477740882, 0.470697316, 
300, 0.470050778, 0.474142245, 0.475318712, 0.474501050, 0.469950804, 0.474540009, 0.476734066, 0.489304142, 0.476039670, 0.468820384, 
